function [ A ] = getA()
%UNTITLED6 Summary of this function goes here
%   Detailed explanation goes here
A = [
 1	-1.349260441	0.28253826	0.722329022	-0.160245604	-0.388333836	-0.124584085	0.412847713	-0.080848226	-0.247030943	0.283195832	-0.379025423	0.206276907
;1	-1.401913159	0.678998512	0.286413798	-0.0032274	-0.545900404	0.438332161	-0.20297159	0.270995878	-0.45325582	0.453199114	-0.413866741	0.158153102
;1	-1.278016682	0.340953492	0.489935858	0.028398157	-0.413355085	-0.141003504	0.364121156	0.134476101	-0.499196966	0.397074925	-0.338483078	0.175226788
;1	-1.351299977	0.481092558	0.458802187	0.161324806	-0.91664421	0.580453902	-0.060071177	0.109029624	-0.391050908	0.371004504	-0.30844346	0.155960775
;1	-1.491038865	0.532389313	0.660823438	-0.012733236	-1.270023495	1.139321991	-0.177525946	-0.031654378	-0.401986347	0.463143593	-0.254092466	0.072276668
;1	-1.941193619	1.663246904	-0.714824779	0.364588662	-0.362116141	-0.055010858	0.417269217	-0.321460895	0.008616439	0.224972748	-0.321034665	0.253118198
;1	-1.937501966	1.859077841	-1.606662422	1.825459975	-1.560716093	0.972452322	-1.175687412	1.559633888	-1.182097943	0.681482956	-0.523230127	0.266922036
;1	-1.305266235	0.364090811	0.895350234	-0.48663152	-0.930432096	1.168799412	-0.026144635	-0.558586627	0.180792384	0.507587259	-0.287268339	0.092535401
;1	-1.499045443	1.054168884	-0.827391604	0.682429048	-0.66231557	0.34345544	-0.150875411	0.16049739	0.009138375	-0.112321813	0.033829066	0.072176345
;1	-1.888369088	1.486274064	-0.510143478	0.072651365	-0.177618341	0.029495822	0.379362913	-0.60521664	0.518408816	-0.121345387	-0.110872683	0.119711067
;1	-0.528746152	0.376802471	-0.54117368	0.487218137	-0.143304955	0.054652822	-0.352749174	0.401941721	0.034220886	0.327744312	-0.268365181	0.051385965
;1	-1.600266379	-0.018338719	1.569387935	-0.296404335	-1.42582868	0.715237466	0.72481749	-0.536764012	-0.320498034	0.411072591	-0.181516363	0.094293662
;1	-1.598125123	0.546132159	0.637372215	-0.084486085	-0.736725993	0.27815245	0.629353409	-0.573026625	-0.021463738	0.171493234	-0.084749687	0.045194641
;1	-1.862930296	1.057119208	0.529058431	-0.240080939	-1.22845165	1.498254585	-0.450340626	-0.129472953	-0.231701181	0.606831841	-0.520944755	0.187953375
;1	-1.650583006	0.487540979	0.980279793	-0.405767658	-0.950293473	0.688063177	0.48441672	-0.48355315	-0.386025806	0.672653121	-0.391219949	0.120165091
;1	-1.767888929	0.842831642	0.747927843	-0.491032612	-0.754365149	0.840385271	0.114425302	-0.469444291	-0.012253819	0.480961605	-0.526740677	0.236338911
;1	-2.113722568	1.708330297	-0.340121672	-0.050908386	-0.687496003	1.311025411	-1.145781052	0.646789006	-0.263972106	0.046645064	-0.015775668	0.028717756
;1	-2.02159278	2.026323767	-1.338125974	1.012540827	-0.828477338	0.330294262	-0.261686989	0.672950276	-1.079983297	1.072728844	-0.753070562	0.335836737
;1	-1.531366983	0.675869005	-0.10195807	0.171386114	-0.113526056	-0.206117577	0.140770441	0.230276082	-0.615256657	0.81499721	-0.695336148	0.286014068
;1	-2.093842612	1.634571467	-0.367219704	-0.273031733	0.256064928	-0.473493011	0.94150989	-1.045494456	0.504887738	0.199231273	-0.531579008	0.295004707
;1	-1.744770375	0.756065785	0.439256771	-0.219335943	-0.318290025	0.120825015	0.017069695	0.270462065	-0.524098743	0.519545292	-0.46191406	0.212905576
;1	-1.661524986	0.447719748	0.908711917	-0.927422185	0.40541061	-0.267247605	0.35039476	-0.121271497	-0.514148185	0.699047197	-0.402749606	0.127761314
;1	-1.884805384	1.004941706	0.250780504	-0.304653631	0.174434804	-0.564766144	0.539406905	-0.008063233	-0.493068044	0.721292061	-0.653732262	0.268113503
;1	-1.497199629	0.76572265	-0.017809498	0.576315538	-0.986014771	0.309158803	0.282833662	0.029288459	-0.294492706	0.122947303	-0.038528383	0.008474399
;1	-1.521010793	1.062374422	-0.588048524	1.019111236	-1.099527555	0.594906851	-0.368109053	0.372231412	-0.295416325	0.2067535	-0.291329028	0.122249506
;1	-2.362640266	2.672922405	-1.832760414	1.022663791	-0.832631842	1.077764176	-1.291639654	1.413332058	-1.340327055	0.786597646	-0.244116909	0.030580699
;1	-1.305296934	0.989193107	-0.732916781	1.211845511	-0.990862043	0.58739859	-0.45732905	0.544514171	-0.326254934	0.09634231	-0.099813704	0.104001924
;1	-2.036254378	1.672284825	-0.548069663	0.080141546	-0.111484397	0.095806433	-0.216790479	0.413262033	-0.675207638	0.858151092	-0.776675074	0.319773006
;1	-1.703764228	0.969233263	0.057430857	-0.073539305	-0.208038539	0.283481449	-0.502638484	0.620815268	-0.271029494	-0.184812309	0.106912921	0.076138859
;1	-1.740217411	1.005520982	0.595249698	-0.782522215	0.330218242	-0.299140563	0.539107615	-0.021533224	-0.358889569	0.22034903	0.007141208	0.014002814
;1	-0.742824626	0.453262017	0.464626245	0.045261992	-0.005441255	0.140641889	-0.003713773	0.118548453	-0.035850857	-0.045599592	-0.024763611	0.132061178
;1	-1.686324165	1.644657488	-1.123015734	0.928180399	-1.024250786	0.863878217	-0.249928943	0.043576577	-0.456617789	0.622382526	-0.46518512	0.159691016
;1	-1.948600595	2.296018913	-1.743609567	1.432703897	-1.356891628	1.023394313	-0.469024169	0.334181824	-0.744174857	0.871543093	-0.572785891	0.207640687
;1	-2.180118193	2.45912697	-1.566476407	0.840639041	-0.690181659	0.504537582	-0.03873873	-0.044904259	-0.349458422	0.431714236	-0.214598095	0.014549709
;1	-2.00092567	2.319335943	-1.664718175	1.369745849	-1.655688563	1.671756738	-1.028093103	0.32713989	-0.243436227	0.303006967	-0.237895731	0.140499008
;1	-1.92646074	2.094527059	-1.202113734	0.514202043	-0.549533112	0.565779012	-0.017006172	-0.444256801	0.012472388	0.612562111	-0.715424599	0.400077742
;1	-1.366919893	1.505258054	-1.144635122	0.918430049	-0.94917379	1.132013576	-1.117280188	0.830140789	-0.477588409	0.345123398	-0.176367763	0.080043463
;1	-2.177874849	2.310366195	-1.320779432	1.231231839	-1.603365095	1.23434016	-0.061185834	-0.426485683	0.119020443	0.142449035	-0.053069144	-0.037351686
;1	-1.294982918	0.321143458	0.261637816	0.50376786	-0.88530776	0.091037674	-0.001914333	0.625884127	-0.736214989	0.207939659	-0.055854694	0.171790078
;1	-1.203702239	0.264303932	0.306664084	0.245251575	-0.079834618	-0.13425869	-0.32734677	0.864275754	-0.423352415	-0.239569525	0.27926138	-0.082958512
;1	-1.223002512	0.217561751	0.490862066	0.090591944	-0.044959815	-0.330727561	0.102540979	0.526578855	-0.262154199	-0.375597813	0.411688678	-0.131280736
;1	-1.341105586	0.307706512	0.290165841	0.432431709	-0.144433972	-0.627074376	0.105751943	0.639669455	-0.113031384	-0.446188276	0.19360287	-0.008627078
;1	-0.997299289	-0.210161624	0.188563302	0.531253263	-0.01209717	-0.246601297	-0.542595242	0.51573587	0.259965673	-0.435345139	0.115446025	0.121780619
;1	-1.088885184	-0.352219509	0.452713015	0.838391804	-0.490182413	-0.419910568	-0.219442735	0.870999856	-0.239564066	-0.332880666	0.077836705	0.139474409
;1	-2.13823135	2.224335559	-1.603719863	1.233170593	-1.135722044	0.737408484	-0.325176911	0.474534864	-0.841534705	0.775557452	-0.469061265	0.187936874
;1	-1.12797603	0.046407713	0.078219406	0.45734017	-0.088249654	-0.509203062	0.21517008	0.483137468	-0.422157262	-0.078430718	-0.016806919	0.131412472
;1	-2.407400668	2.482609943	-0.931327431	-0.224831858	0.319316715	-0.564409081	1.217279876	-0.944734825	-0.297792633	0.986195094	-0.690909449	0.196441956
;1	-1.189915515	1.186388109	-0.435229908	0.621550094	-0.388746724	-0.017454144	0.519540064	-0.521586259	0.153408013	-0.140656029	0.040936358	-0.032458485
;1	-1.647742263	0.808750835	-0.987148186	1.728465047	-0.846268227	0.343522308	-0.78593189	0.35588294	0.014784642	0.088899406	0.086604747	-0.158062776
;1	-1.529559471	1.111610321	-0.060884887	-0.184897441	0.243948838	-0.580760151	0.84307677	-0.416915421	-0.14974902	0.289122814	-0.163953586	0.139209205
;1	-1.248035457	-0.145967715	1.105266352	0.179588323	-0.913257698	-0.068974576	0.560322014	0.3614988	-0.811864898	0.301779914	0.007110722	-0.003936927
