function [ E ] = getB()
%UNTITLED6 Summary of this function goes here
%   Detailed explanation goes here
E = [
 1	-1.32984011	0.609557486	-0.791692209	0.455262026	0.171240342	0.166185821	0.164484771	-0.395371254	0.062504616	-0.001624156	-0.15342648	0.187754016
;1	-1.027549502	0.478549863	-0.29052845	-0.063297973	-0.057099346	0.526975896	-0.487989173	0.714935694	-0.572431129	0.070412513	-0.041495083	0.081106783
;1	-1.522926093	1.043368554	-0.063888684	-0.725474858	0.930961403	-0.468816616	-0.001665901	0.289056685	-0.388029103	0.634804614	-0.407562549	0.206618763
;1	-1.50467231	1.266329069	-1.229899219	0.883037765	-0.463805071	0.259878776	-0.012788394	-0.029063584	-0.142695201	0.102713216	0.029890149	0.023100866
;1	-1.662068789	1.336935768	-1.052748877	0.312575102	0.190908038	-0.094950441	0.446348763	-0.70400813	0.455642943	-0.171596534	0.018773941	0.050367855
;1	0.140567391	-0.841763173	-0.572012907	0.852283192	0.897569506	-0.18964444	-0.66521702	0.012175223	0.397706444	0.105892566	-0.325341096	0.033926534
;1	-0.717548841	-0.35518122	-0.643907316	0.311687116	0.929324586	0.285997469	-0.593084072	-0.197416349	-0.251832892	0.480462755	0.142937383	-0.237756661
;1	-0.66527463	-0.455851774	-1.002389033	0.550808782	1.328971694	0.053781489	-0.329375402	-0.760916039	0.132115437	0.299354597	0.022648123	-0.062775876
;1	-1.055227284	-0.07888178	-0.539226099	0.540553948	0.738743764	-0.419258143	-0.002858999	-0.259797154	0.158542301	0.112684316	-0.143120704	0.047893912
;1	-0.550068068	-0.302900516	-0.809866151	0.021029134	0.821405507	0.331529338	0.030380769	-0.236448664	-0.381954584	0.241299678	-0.04268087	0.057628282
;1	-1.224490775	0.369183037	-0.5664705	0.101777389	0.804084287	-0.343065819	0.092379335	-0.120982964	-0.334996652	0.471208388	-0.221812087	0.086401791
;1	-1.133845624	-0.04974968	-0.106311137	-0.175054511	0.767256717	0.357038979	-0.525837984	0.202729803	-0.563907283	0.155791578	0.247358994	-0.079172952
;1	-0.417494514	-0.028463874	-1.231183718	-0.111044443	0.479640417	0.752403108	0.341016054	-0.113926739	-0.476192699	0.048664398	-0.203737621	0.159744475
;1	-1.191754351	0.479701787	-1.196258103	0.616772242	0.065991131	0.805472271	-0.156528948	-0.092403815	-0.536234605	0.235698285	-0.241174607	0.247062927
;1	-1.467690143	0.658047099	-0.980603507	0.731123583	0.030454968	0.433976592	-0.013900393	-0.425836172	0.143097992	-0.143163451	-0.117104347	0.187778403
;1	-1.212650312	0.281881284	-0.774047801	0.67655059	-0.299976001	1.070301855	-0.64333078	0.200491417	-0.624307443	0.459447345	-0.191825924	0.097657162
;1	-1.181074214	0.142082745	-0.463084586	0.190440887	0.330041387	0.406503642	-0.088537138	-0.202476145	-0.332552377	0.462599545	-0.504772907	0.28931817
;1	-1.100460616	-0.001708783	-0.633834514	0.434886156	0.388999621	0.533279473	-0.352600231	0.026981525	-0.712733099	0.459345116	-0.106961777	0.104160234
;1	-0.793778588	0.450004129	-1.085310861	0.460369357	-0.310106712	0.923559642	-0.463614118	0.492533784	-0.568523433	0.285513344	-0.053083015	-0.071326518
;1	-1.813289601	1.592981221	-1.347652339	0.791867953	-0.481193018	1.009276765	-0.849062041	0.627955534	-0.747329879	0.553013384	-0.454372019	0.262557768
;1	-1.926906831	1.783571629	-1.688310814	1.144363049	-0.494091653	0.880505899	-1.075540047	1.250213077	-1.511049293	0.997846957	-0.44169758	0.172736997
;1	-1.27419532	0.412399652	-0.315011107	0.16862817	0.003312537	0.778259541	-0.628226884	0.247107539	-0.338724126	0.221379953	-0.200932021	0.235109744
;1	-1.387212228	0.284688127	-0.358322093	0.360003117	0.308595775	0.430408239	-0.659785215	0.254068834	-0.529021507	0.208201039	0.214139343	-0.078266793
;1	-1.907181625	1.620821327	-1.374160309	0.959186976	-0.529723423	1.079896465	-1.269599753	1.075069209	-1.028975749	0.473234564	-0.007108767	-0.016983773
;1	-0.842292457	0.05267445	-0.679175819	-0.114921662	0.562775637	0.423848667	0.334196636	-0.354925139	-0.294295013	0.02244047	-0.360515939	0.392514448
;1	-0.131057631	-0.37695218	-0.686265558	-0.445139593	0.46564613	0.584101195	0.299224554	0.001168314	-0.499043422	0.181686465	-0.106003216	-0.025005334
;1	-0.702379889	0.083253406	-0.800255731	-0.25797598	0.525535542	0.540041023	0.30975617	-0.190951622	-0.297311529	-0.124906063	-0.181892236	0.256292339
;1	-0.68084025	0.128036877	-0.88694443	-0.180591097	0.469513898	0.612969464	0.217333923	-0.041551775	-0.533635831	0.059152181	-0.275431557	0.328167537
;1	-0.427597552	-0.14101657	-0.761742739	-0.107205534	0.213372718	0.727896507	0.108938235	-0.004930268	-0.357612961	0.053115027	-0.314094519	0.277475168
;1	0.076269084	-0.988164054	-1.134636403	0.315238263	1.115409083	0.950638388	-0.075371898	-0.936633936	-0.478409534	0.270126527	0.330339653	0.052212256
;1	-0.877430692	0.292412466	-0.12429948	0.389990843	-0.254577454	0.187352346	-0.379511681	0.630556971	0.176716526	-0.354878095	0.219453254	0.061853467
;1	-1.238105467	0.825266016	-1.175180485	0.979541057	-0.462967469	0.678139009	-0.380849522	0.142410039	-0.464334359	0.479261354	-0.408589921	0.260228534
;1	-0.642178881	0.073489565	-0.775306085	0.302910408	-0.061117549	0.53128301	-0.236906117	0.081610431	-0.168036855	0.27295273	-0.12776814	0.02279488
;1	-0.648381779	-0.114154771	-0.590441393	0.175385647	0.30003751	0.464240242	-0.196218623	-0.157563537	-0.11307213	0.097874846	-0.19428506	0.272605764
;1	-0.83700988	0.248559682	-0.914029488	0.42734186	0.012865486	0.511022196	-0.216468198	0.02853774	-0.10855363	0.202072375	-0.170823299	0.058082313
;1	-1.384169733	1.369564581	-1.951388891	2.079259668	-1.722712034	1.729956773	-1.445663251	0.973672985	-0.624227354	0.490528076	-0.234929772	0.099311252
;1	-0.395631596	-1.171902003	-0.64868131	1.789213569	0.907793302	-0.662284399	-1.411416336	0.271636026	0.597057686	0.320293935	-0.255254926	-0.0933436
;1	-1.308254979	0.098147211	-0.1770878	0.995347941	-0.171498566	-0.045540391	-0.486438248	-0.008201386	0.261611706	0.387280002	-0.429391756	0.093881242
;1	-0.332921065	-0.424088012	-1.17702176	-0.122546065	0.658748451	1.36023358	0.034012964	-0.287951517	-0.900570687	-0.06686966	0.134813304	0.272997237
;1	-1.322025285	0.305718727	0.302794693	0.222414914	-0.035481703	-0.178830926	-0.559572623	0.828372016	0.018006766	-0.530798085	0.198003277	-0.003384212
;1	-1.495528095	0.696598814	-0.077916193	0.524183657	-0.425923853	0.07080006	-0.450481104	0.759653689	-0.11271693	-0.530397065	0.432326824	-0.159652371
;1	-1.26084902	-0.042627774	0.635713617	0.270636922	-0.199773525	-0.392971959	-0.388000579	0.781375556	0.311831742	-0.841325253	0.166605931	0.221721464
;1	-1.105888829	-0.327499974	0.430286925	0.753540112	-0.261702628	-0.474975938	-0.377135783	0.770034586	0.237518843	-0.695729322	0.123274298	0.192367464
;1	-1.131216249	-0.350325636	0.575628861	0.900103144	-0.680337223	-0.656862557	0.219203236	0.84547578	-0.364862336	-0.345865775	0.102200971	0.153534768
;1	-1.910449058	1.472885944	-0.420190326	0.012507024	-0.08810175	-0.424723099	0.880498821	-0.492592997	-0.34962367	0.679026702	-0.533810911	0.270285501
;1	-0.618155438	-0.100091284	-0.404338149	0.431096855	-0.349375997	0.148931776	-0.032743678	-0.023375573	-0.045022527	0.004553177	0.03608298	0.014856209
;1	-1.057794036	-0.105126136	-0.23738824	0.100823179	0.542570506	0.017730271	-0.049204052	0.151623326	-0.543082062	0.330987066	-0.115642718	0.056273022
;1	-0.494281262	-0.006217648	-0.969414079	0.070022692	0.861749868	0.296318615	0.170586569	-0.239303127	-0.550726963	0.316924062	-0.220110867	0.407312566
;1	-1.668082428	0.956872679	-1.073473424	1.751171277	-1.088525782	0.639468313	-0.912490074	0.640520506	-0.236659755	0.197610918	-0.077127824	-0.067484117
;1	0.394408444	-1.149697523	-1.588994386	0.087353012	1.533119991	0.973244158	-0.227769777	-0.601222015	-0.271911946	-0.080423776	0.122673283	0.149668115
;1	-0.560797364	-0.21927325	-0.930848227	0.015366013	0.46470225	0.93863441	0.043966001	-0.14576126	-0.741332902	0.189171409	-0.064195319	0.199718565
